output1 = 0.735610
output2 = 0.003007