mean1 = 1.952238
mean2 = 2.213381